1.822
2.175
2.867
4.797
2.442
4.817
2.481
2.389
0.868
0.573
0.537
2.648
0.784
0.562
0.927
0.384
0.395
0.399
0.403
0.382
0.399
0.382
0.746
0.793
0.788
0.762
0.784
0.780
0.786
0.754
2.312
0.802
0.757
0.762
0.769
0.768
0.786
0.766
0.769
0.770
2.304
0.777
0.795
0.780
0.769
0.768
0.748
0.757
2.320
0.779
1.897
0.391
0.379
0.394
0.390
1.535
0.527
0.398
0.378
3.266
1.503
0.582
0.402
0.367
3.253
1.538
0.566
0.394
0.358
1.712
0.584
0.403
0.387
1.707
1.516
0.558
0.627
0.570
0.559
1.139
0.782
0.765
0.776
0.774
0.793
0.750
0.765
0.775
0.807
0.730
2.711
1.519
0.586
0.588
0.535
0.549
0.287
0.323
2.089
0.793
0.813
0.746
0.762
0.746
0.772
0.754
2.318
0.787
1.907
0.387
0.389
0.383
0.367
3.050
0.773
0.773
1.483
0.794
2.245
0.809
2.269
0.741
0.578
1.718
15.73
1.135
1.543
1.542
1.921
0.770
2.281
0.781
1.903
0.370
0.397
0.383
0.368
1.538
0.563
0.370
0.410
2.090
2.679
0.588
0.381
0.395
3.223
1.558
0.565
0.407
0.393
1.696
0.580
0.385
0.363
1.701
1.559
1.538
1.423
2.667
2.246
2.795
0.939
0.654
0.578
2.666
2.438
2.264
5.650
