2.0184
1.8774
1.9503
1.8998
0.9437
0.9687
0.4778
0.4545
0.458
0.4585
1.9063
1.9226
1.8703
1.9178
1.8902
1.8983
0.6274
0.708
0.7225
0.7095
0.474
0.4436
1.9378
1.8938
1.922
1.902
1.9423
1.8868
0.7061
0.6654
0.6976
0.6856
0.5041
0.4691
0.4671
0.4741
0.4871
0.4746
1.8382
0.9497
0.4976
0.2475
2.113
0.9653
0.4311
0.2789
2.1141
1.902
1.9181
0.7056
0.4622
0.43
2.1214
0.9492
0.4338
0.264
2.1085
0.9847
0.4681
0.258
2.1061
1.8897
1.9043
1.8682
1.8548
1.934
1.8822
1.8936
1.8863
1.9417
1.8823
0.7219
0.7101
0.7099
0.698
0.4781
0.4386
1.914
1.8939
1.926
1.907
1.9658
1.8742
0.6821
0.7026
0.7483
0.6816
0.4591
0.4621
0.4841
0.4771
0.4851
0.4691
1.8057
0.9852
0.4751
0.2548
2.0846
0.9772
0.4716
0.2775
2.1187
1.9185
1.8968
0.7071
0.449
0.491
2.0619
1.0342
0.453
0.251
2.0962
0.9307
0.4991
0.2871
2.0857
1.9133
1.8911
1.8579
0.5256
0.4751
0.4431
0.4547
1.922
1.8821
1.9459
1.8738
1.9217
1.8378
0.7361
0.6776
0.7324
0.6621
0.4909
0.4661
1.878
1.932
1.9402
1.8998
1.944
1.8749
0.7018
0.6384
0.7489
0.7061
0.4866
0.4781
0.4876
0.4616
0.4831
0.4861
1.821
0.921
0.5196
0.248
2.0934
0.9526
0.4833
0.264
2.1129
1.9021
1.9338
0.6911
0.457
0.495
2.1229
0.9431
0.4571
0.2891
2.1019
0.9651
0.4659
0.28
2.0992
1.8955
1.8468
1.018
0.9597
0.9222
0.8962
0.9527
0.4716
0.275
2.0824
0.9209
0.5186
0.269
2.1058
1.9181
1.8614
1.8924
1.874
0.9718
0.5071
0.262
1.1969
