1.0102
0.9602
0.9172
0.9372
0.9967
0.9412
0.9207
0.9657
0.9622
0.995
0.4866
0.4301
0.4486
0.4416
0.9522
0.9532
0.9577
0.9572
0.9653
0.9007
0.9172
0.9607
0.9207
0.9507
0.9407
0.9167
0.6738
0.6706
0.7486
0.6576
0.4949
0.4656
0.9899
0.9487
0.9132
0.9652
0.9607
0.9414
0.9864
0.939
1.0009
0.9131
0.9167
0.9452
0.6151
0.7141
0.7136
0.7136
0.4746
0.4781
0.4706
0.4861
0.4871
0.4661
0.256
0.208
0.222
0.22
0.227
0.2305
0.4511
0.9607
0.4741
0.257
0.6891
0.941
0.4476
0.9472
0.4871
0.243
0.4391
1.1837
0.9422
0.9363
0.9647
0.9222
0.9348
0.2651
0.4871
0.4906
0.6136
0.4746
0.4711
0.4701
0.9532
0.4586
0.251
0.7011
0.9342
0.4501
0.9377
0.4831
0.274
0.4351
0.7181
0.9564
0.9252
0.9612
0.9342
0.9197
0.6821
0.4991
0.4561
1.1386
0.9392
0.9602
0.9442
0.929
0.9667
0.243
0.7321
0.9292
0.9347
0.9222
0.9752
0.9367
0.9303
0.9357
0.7004
0.7221
0.7116
0.6661
0.4941
0.5031
0.9059
0.9677
0.8973
1.0057
0.9522
0.9382
0.9357
0.9772
0.9807
0.9287
0.9382
0.9292
0.7256
0.6591
0.7211
0.6736
0.4906
0.4616
0.4934
0.4601
0.4606
0.4656
0.4546
0.4581
0.4601
0.437
0.9287
0.4731
0.265
0.7261
0.9337
0.96
0.9142
0.9522
0.9412
0.942
0.9367
0.9612
0.9127
0.9572
0.7191
0.4821
0.4741
0.263
0.243
0.2
0.256
0.2395
0.4246
0.9652
0.4781
0.254
0.6641
0.9487
0.4621
0.9631
0.4486
0.2865
0.4391
0.7071
0.9442
0.9577
0.9644
0.9132
0.9327
0.6743
0.4626
0.4681
0.7481
0.4871
0.4436
0.4611
0.9492
0.9613
0.9247
0.9417
0.9617
0.9472
0.91
0.9767
0.9769
0.9364
0.9412
0.9045
0.7101
0.6701
0.6821
0.6901
0.5096
0.4756
0.9287
0.9492
0.945
0.9287
0.9452
0.9492
0.9787
0.9552
0.9583
0.9407
0.9212
0.9097
0.7581
0.6781
0.7208
0.6576
0.4706
0.4548
0.4821
0.4591
0.4821
0.4551
0.263
0.2355
0.215
0.2255
0.2605
0.217
0.4491
0.9112
0.4966
0.2645
0.6923
0.9335
0.4385
0.9691
0.4821
0.3071
0.4426
0.6551
0.5051
0.9297
0.9487
0.9492
0.9282
0.9357
0.2815
0.4541
0.4861
0.6626
0.4756
0.4821
0.4396
0.9472
0.4911
0.2585
0.7056
0.9592
0.464
0.9262
0.4466
0.3062
0.4391
0.6861
0.9807
0.9102
0.9572
0.9402
0.8987
0.9482
0.4916
0.245
0.236
0.9407
0.4781
0.4466
0.9127
0.4631
0.267
0.6911
1.0202
0.5055
0.9452
0.4831
0.284
0.4491
0.6896
0.9652
0.9182
0.9807
0.9182
0.886
0.9709
0.9731
0.455
0.4391
0.4581
0.4556
0.9607
0.5171
0.241
